name: syncrack_generator
channels:
  - anaconda
  - conda-forge
  - defaults
dependencies:
  - _libgcc_mutex=0.1=main
  - blas=1.0=openblas
  - bzip2=1.0.8=h516909a_3
  - ca-certificates=2020.6.20=hecda079_0
  - cairo=1.16.0=hcf35c78_1003
  - certifi=2020.6.20=py37he5f6b98_2
  - dbus=1.13.6=he372182_0
  - expat=2.2.9=he1b5a44_2
  - ffmpeg=4.3.1=h167e202_0
  - fontconfig=2.13.1=h86ecdb6_1001
  - freetype=2.10.3=he06d7ca_0
  - gettext=0.19.8.1=hc5be6a0_1002
  - glib=2.66.1=he1b5a44_1
  - gmp=6.2.0=he1b5a44_3
  - gnutls=3.6.13=h79a8f9a_0
  - graphite2=1.3.13=he1b5a44_1001
  - gst-plugins-base=1.14.5=h0935bb2_2
  - gstreamer=1.14.5=h36ae1b5_2
  - harfbuzz=2.4.0=h9f30f68_3
  - hdf5=1.10.6=nompi_h3c11f04_101
  - icu=64.2=he1b5a44_1
  - jasper=1.900.1=h07fcdf6_1006
  - jpeg=9d=h516909a_0
  - lame=3.100=h14c3975_1001
  - ld_impl_linux-64=2.33.1=h53a641e_7
  - libblas=3.8.0=17_openblas
  - libcblas=3.8.0=17_openblas
  - libclang=9.0.1=default_hde54327_0
  - libedit=3.1.20191231=h14c3975_1
  - libffi=3.2.1=hf484d3e_1007
  - libgcc-ng=9.1.0=hdf63c60_0
  - libgfortran-ng=7.5.0=hae1eefd_17
  - libgfortran4=7.5.0=hae1eefd_17
  - libglib=2.66.1=h0dae87d_1
  - libiconv=1.16=h516909a_0
  - liblapack=3.8.0=17_openblas
  - liblapacke=3.8.0=17_openblas
  - libllvm9=9.0.1=he513fc3_1
  - libopenblas=0.3.10=pthreads_hb3c22a3_5
  - libopencv=4.4.0=py37_3
  - libpng=1.6.37=hed695b0_2
  - libstdcxx-ng=9.1.0=hdf63c60_0
  - libtiff=4.1.0=hc7e4089_6
  - libuuid=2.32.1=h14c3975_1000
  - libwebp-base=1.1.0=h516909a_3
  - libxcb=1.13=h14c3975_1002
  - libxkbcommon=0.10.0=he1b5a44_0
  - libxml2=2.9.10=hee79883_0
  - lz4-c=1.9.2=he1b5a44_3
  - ncurses=6.2=he6710b0_1
  - nettle=3.4.1=h1bed415_1002
  - noise=1.2.2=py37h8f50634_1001
  - nspr=4.29=he1b5a44_0
  - nss=3.57=he751ad9_0
  - numpy=1.19.2=py37h7ea13bd_1
  - openblas=0.3.10=pthreads_h43bd3aa_5
  - opencv=4.4.0=py37_3
  - openh264=2.1.1=h8b12597_0
  - openssl=1.1.1h=h516909a_0
  - pcre=8.44=he1b5a44_0
  - pip=20.2.3=py37_0
  - pixman=0.38.0=h516909a_1003
  - pthread-stubs=0.4=h14c3975_1001
  - py-opencv=4.4.0=py37hc6149b9_3
  - python=3.7.6=h0371630_2
  - python_abi=3.7=1_cp37m
  - qt=5.12.5=hd8c4c69_1
  - readline=7.0=h7b6447c_5
  - scipy=1.4.1=py37habc2bb6_0
  - setuptools=50.3.0=py37hb0f4dca_1
  - sqlite=3.33.0=h62c20be_0
  - tk=8.6.10=hbc83047_0
  - wheel=0.35.1=py_0
  - x264=1!152.20180806=h14c3975_0
  - xorg-kbproto=1.0.7=h14c3975_1002
  - xorg-libice=1.0.10=h516909a_0
  - xorg-libsm=1.2.3=h84519dc_1000
  - xorg-libx11=1.6.12=h516909a_0
  - xorg-libxau=1.0.9=h14c3975_0
  - xorg-libxdmcp=1.1.3=h516909a_0
  - xorg-libxext=1.3.4=h516909a_0
  - xorg-libxrender=0.9.10=h516909a_1002
  - xorg-renderproto=0.11.1=h14c3975_1002
  - xorg-xextproto=7.3.0=h14c3975_1002
  - xorg-xproto=7.0.31=h14c3975_1007
  - xz=5.2.5=h7b6447c_0
  - zlib=1.2.11=h7b6447c_3
  - zstd=1.4.5=h6597ccf_2
prefix: /home/sutadasuto/miniconda3/envs/syncrack_generator
